
===
65-1-1;77-1-1;1-0;outer;{Y};times-new-roman-font
550;40;60;150;25;10;70;-6;5;80;
===
Karina
#c444e6;0;0;0;0
Lettie
#007700;0;0;0;0
Zero
#5e547c;0;0;0;0
===
Karina's parents die
0;e26666;-60100250964000;-60100250964000;0;0
KXP (Festenya)
0;#e26666;-60100250964000;-60043486164000;0;0
Okus takes over Karina
0;#e26666;-60043486164000;-60043486164000;0;0
Battle Boards
0;#e26666;-60040289364000;-60005556564000;0;0
Karina gets Kirino's spark
0;c44444;-60014974164000;-60014974164000;0;0
 
0;c44444;-60014974164000;-60005556564000;0;0
HVU
0;0;-59977130964000;-59977130964000;0;0
KXP (Tirvana and Flynn)
0;0;-59967713364000;-59967713364000;0;0
MON
0;0;-59910948564000;-59898334164000;0;0
CCR
0;0;-59885633364000;-59879326164000;0;0
The Extraction Project
0;0;-59844593364000;-59844593364000;0;0
Karina's Explorations
0;0;-59844593364000;-59797332564000;0;0
Barhopping
0;0;-59797332564000;-59797332564000;0;0
Pentaga
0;0;-59784718164000;-59784718164000;0;0
 
0;0;-59784718164000;-59772103764000;0;0
Tunnel of Love
0;0;-59775214164000;-59775214164000;0;0
Skalor
0;0;-59753095764000;-59743591764000;0;0
Feanav, early half
1;0;-60033982164000;-60027674964000;0;0
Battle Boards
1;0;-60011863764000;-59989658964000;0;17
Occasion 1
1;0;-60005556564000;-60005556564000;0;0
Lettie vs Zero
1;0;-59989658964000;-59989658964000;0;0
Feanav, latter half
1;0;-59977130964000;-59967713364000;0;0
The Empty Throne of Feanav
1;0;-59920366164000;-59866711764000;0;0
Nulien
2;0;-60014974164000;-60008666964000;0;0
The Tragedy of Kaira Veis
2;0;-60002359764000;-60002359764000;0;0
Return to Battle Boards
2;0;-59994497364000;-59983438164000;0;0
Elsewhere Invasion
2;0;-59983438164000;-59983438164000;0;-2
REZA
2;0;-59974020564000;-59958122964000;0;0
NAMI
2;0;-59951902164000;-59948791764000;0;0
Magic Champions somewhere
2;0;-59945594964000;-59929870164000;0;0
LHIN
2;0;-59879326164000;-59854097364000;0;0
XAN
2;0;-59838286164000;-59838286164000;0;0
CARA
2;0;-59816254164000;-59816254164000;0;0
